949
1280
1443
943
129
539
347
962
955
559
813
64
1408
1400
623
1149
850
1261
637
1474
1463
942
579
318
383
1162
745
1488
144
825
225
339
1342
491
1327
1378
985
1336
889
15
256
786
1210
502
965
300
1250
7
1419
406
959
652
984
168
171
423
1428
826
192
338
983
1024
120
688
323
1078
1066
389
553
753
903
790
993
1374
1330
1049
894
1204
522
292
789
634
1061
470
755
526
1159
91
1005
1324
1377
619
465
1401
947
1080
1460
47
1164
128
1001
123
193
967
521
107
743
1198
1245
827
574
721
919
399
1483
1106
441
997
488
908
222
40
411
53
42
661
1230
132
566
390
78
334
695
335
1047
697
1471
710
111
931
1069
1344
1265
36
1175
1067
267
303
859
945
525
1361
817
1444
1453
867
1277
65
30
164
617
320
621
994
326
872
1392
1233
452
394
730
1287
768
378
1310
555
1354
937
1316
731
1065
493
906
1115
563
1472
424
587
638
1031
1397
1478
668
177
264
204
601
809
972
1124
1454
41
632
1412
1375
1103
538
1359
1157
259
1170
432
60
1003
622
1495
958
494
355
750
1255
1122
1329
1199
1155
1267
1121
797
1489
1402
10
1076
373
910
734
1288
131
670
814
940
1254
150
1346
467
666
1063
18
523
1045
1366
1410
1145
798
1221
301
866
848
173
232
1036
457
183
427
425
333
682
723
1082
500
1234
266
68
1113
1135
480
857
1016
294
1252
386
198
706
122
1099
1062
520
125
999
655
1417
681
934
1273
922
1321
547
1040
989
1187
769
501
899
397
365
45
1173
1237
1383
407
536
1493
14
606
61
998
227
381
1143
718
882
990
108
686
1476
732
282
1002
1
654
870
583
821
89
875
152
1192
787
1020
568
1247
748
537
724
1228
289
1300
505
1313
1060
1086
856
818
758
901
880
1322
490
570
392
393
715
1092
550
1435
377
1422
759
1450
1105
556
1107
1015
689
1309
163
747
1340
147
247
1152
694
685
1109
360
299
1023
251
893
80
815
1257
1070
1213
463
905
1194
582
868
771
364
400
631
977
687
315
1073
607
1284
980
1050
325
178
1232
1437
179
657
584
1225
642
479
643
12
969
430
1350
861
1301
451
1008
273
263
450
1371
1285
98
498
996
673
1186
55
517
1487
328
206
1462
1195
114
1077
1432
93
0
869
810
77
1459
245
436
838
591
145
412
307
269
1189
26
1420
863
690
711
593
1343
751
155
1039
100
1498
52
1347
210
1217
113
246
546
881
833
1482
1452
1353
1424
1074
297
803
1218
737
979
510
1399
783
59
1027
341
1154
924
1200
909
446
968
471
162
1315
862
1469
117
760
1396
981
599
1095
43
231
1486
713
356
1025
464
1146
1091
1197
414
986
806
1226
1421
1236
1193
255
780
362
831
1114
62
329
876
1144
704
1379
735
1018
726
1297
1150
597
1222
679
1014
271
469
702
603
552
395
740
361
462
209
954
1110
449
261
354
248
519
371
728
793
195
1386
1219
367
1393
434
116
1208
1243
1433
948
551
847
1364
143
1457
877
346
845
27
142
95
418
892
585
929
873
242
86
766
1163
1029
4
96
322
216
2
602
92
805
11
1108
1365
391
1461
509
1207
146
1333
201
1325
1054
1169
675
946
287
290
1098
56
408
422
1116
506
447
640
663
1337
1295
565
900
907
1439
133
888
366
596
370
887
691
375
1202
1484
800
749
153
987
167
660
8
277
240
1411
995
1266
970
616
1440
1449
588
819
913
1496
29
917
1097
1044
1384
516
473
196
478
1358
233
75
703
185
575
57
419
475
676
628
1251
224
44
988
1153
832
794
1416
811
1215
1205
262
765
841
1058
199
1021
135
1131
327
878
935
1326
159
9
1467
1338
1368
1051
426
1286
324
842
1214
1179
1140
340
1446
51
1270
816
1380
258
1312
126
1468
316
6
890
442
134
76
1088
158
530
285
306
744
298
1305
957
72
401
1445
978
772
648
1081
172
33
672
951
1426
1056
961
1442
649
288
739
241
84
982
1057
791
1303
1282
788
281
804
722
202
357
157
234
684
217
533
693
351
127
1148
67
25
186
920
540
636
1278
590
483
387
1430
184
611
319
1241
712
17
507
1028
1007
1413
175
871
950
112
569
545
218
807
781
1293
260
535
1480
207
963
1096
618
1118
799
567
1283
94
492
960
1004
212
630
305
754
720
736
1308
415
37
664
613
1289
32
1436
773
782
1306
1132
221
1334
22
971
380
342
886
345
1448
1043
118
472
855
1299
1151
528
1071
851
858
644
358
1126
884
444
1466
1010
671
374
181
729
1451
576
437
604
548
275
283
16
85
705
314
1184
1390
1348
1387
1032
1053
403
645
1352
272
762
1473
1176
382
237
1048
19
1123
639
598
1290
1238
1035
620
915
1084
719
268
795
1212
1345
571
1298
1041
23
66
254
249
286
1085
176
541
1172
166
1492
738
518
74
1158
136
1339
524
674
608
1427
700
484
956
573
321
531
1102
1479
921
223
476
698
914
633
203
13
1216
1128
236
544
402
1006
930
1271
1182
647
440
109
309
229
302
1382
291
63
853
1227
1475
1262
1275
1414
820
474
953
110
487
1362
105
3
1447
82
776
1190
1075
513
1055
1307
295
495
904
1203
614
170
1244
1497
119
239
1026
1178
1038
349
658
90
923
1367
1403
898
1188
605
35
1456
865
421
1441
1423
384
1127
586
991
1120
549
1166
140
103
933
557
1335
284
1314
1388
1101
928
683
453
1079
1302
1246
1220
1034
1181
1455
1341
5
653
1357
761
554
485
104
226
253
332
610
115
455
1331
1253
219
238
353
504
891
296
215
514
1240
1431
1291
1142
512
311
834
911
846
279
1465
641
182
828
1064
1087
952
497
409
1209
410
1438
1134
1373
1491
208
925
1090
578
742
1349
1201
46
1111
774
874
1276
966
1042
448
808
34
148
274
1165
1249
964
843
1059
669
461
680
1133
626
609
1281
83
1223
902
468
73
396
429
1425
1136
1481
1279
368
860
1356
265
97
250
154
1372
81
190
1415
31
1395
200
785
454
331
431
844
304
1490
1011
725
165
792
717
612
932
278
39
562
1196
49
1434
508
310
213
350
854
830
1391